0
0
0
0
0
0
0
0
0
0
0
0
0
0
0
0
0
0
0
0
0
0
-1
-1
-1
-1
-1
-1
-1
-1
-1
-1
-1
-1
-1
-1
-1
-1
-1
-1
-1
-1
-1
-2
-2
-2
-2
-2
-2
-2
-2
-2
-2
-3
-3
-3
-3
-3
-3
-3
-4
-4
-4
-4
-4
-5
-5
-5
-5
-5
-6
-6
-6
-6
-7
-7
-7
-8
-8
-8
-9
-9
-9
-10
-10
-11
-11
-12
-12
-13
-13
-14
-14
-15
-15
-16
-16
-17
-18
-18
-19
-20
-21
-21
-22
-23
-24
-25
-25
-26
-27
-28
-29
-30
-31
-32
-33
-34
-35
-36
-38
-39
-40
-41
-43
-44
-45
-47
-48
-49
-51
-52
-54
-55
-57
-58
-60
-61
-63
-65
-66
-68
-70
-72
-73
-75
-77
-79
-81
-83
-85
-87
-88
-90
-92
-94
-96
-98
-100
-102
-105
-107
-109
-111
-113
-115
-117
-119
-121
-123
-125
-127
-129
-131
-133
-135
-137
-139
-141
-143
-145
-146
-148
-150
-152
-153
-155
-157
-158
-160
-161
-162
-164
-165
-166
-167
-168
-169
-170
-171
-172
-172
-173
-173
-174
-174
-174
-174
-174
-174
-174
-174
-173
-173
-172
-171
-170
-169
-168
-167
-165
-164
-162
-160
-158
-156
-153
-151
-148
-145
-142
-139
-136
-132
-129
-125
-121
-117
-112
-108
-103
-98
-93
-87
-82
-76
-70
-64
-58
-51
-44
-38
-30
-23
-16
-8
0
8
16
25
34
42
52
61
70
80
90
100
110
121
131
142
153
164
176
187
199
211
223
236
248
261
274
287
300
313
327
340
354
368
382
396
411
425
440
455
470
485
500
515
531
546
562
578
594
610
626
642
659
675
692
708
725
742
759
776
793
810
827
844
862
879
896
914
931
949
967
984
1002
1020
1037
1055
1073
1091
1109
1127
1145
1163
1181
1199
1217
1235
1253
1271
1289
1307
1325
1343
1361
1379
1397
1415
1433
1451
1469
1487
1505
1523
1541
1559
1577
1595
1613
1631
1649
1667
1685
1702
1720
1738
1756
1773
1791
1809
1826
1844
1862
1879
1897
1914
1932
1949
1967
1984
2001
2019
2036
2053
2071
2088
2105
2122
2139
2157
2174
2191
2208
2225
2242
2259
2276
2293
2310
2327
2343
2360
2377
2394
2411
2427
2444
2461
2478
2494
2511
2527
2544
2561
2577
2594
2610
2627
2643
2660
2676
2693
2709
2726
2742
2758
2775
2791
2808
2824
2840
2857
2873
2889
2906
2922
2938
2954
2971
2987
3003
3019
3035
3052
3068
3084
3100
3116
3133
3149
3165
3181
3197
3213
3229
3246
3262
3278
3294
3310
3326
3342
3358
3374
3390
3407
3423
3439
3455
3471
3487
3503
3519
3535
3551
3567
3583
3599
3615
3631
3647
3663
3679
3695
3711
3727
3744
3760
3776
3792
3808
3824
3840
3856
3872
3888
3904
3920
3936
3952
3968
3984
4000
4016
4032
4048
4064
4080
4096