-35
-35
-36
-36
-37
-37
-37
-38
-38
-39
-39
-40
-40
-41
-41
-42
-42
-43
-43
-44
-45
-45
-46
-46
-47
-47
-48
-48
-49
-50
-50
-51
-51
-52
-53
-53
-54
-55
-55
-56
-57
-57
-58
-59
-59
-60
-61
-62
-62
-63
-64
-65
-65
-66
-67
-68
-68
-69
-70
-71
-72
-73
-73
-74
-75
-76
-77
-78
-79
-80
-81
-81
-82
-83
-84
-85
-86
-87
-88
-89
-90
-91
-92
-93
-94
-95
-96
-98
-99
-100
-101
-102
-103
-104
-105
-107
-108
-109
-110
-111
-112
-114
-115
-116
-117
-119
-120
-121
-123
-124
-125
-126
-128
-129
-130
-132
-133
-135
-136
-137
-139
-140
-142
-143
-145
-146
-148
-149
-151
-152
-154
-155
-157
-158
-160
-161
-163
-164
-166
-168
-169
-171
-173
-174
-176
-177
-179
-181
-182
-184
-186
-188
-189
-191
-193
-194
-196
-198
-200
-201
-203
-205
-207
-208
-210
-212
-214
-216
-217
-219
-221
-223
-225
-226
-228
-230
-232
-234
-235
-237
-239
-241
-243
-244
-246
-248
-250
-251
-253
-255
-257
-258
-260
-262
-264
-265
-267
-269
-270
-272
-274
-275
-277
-278
-280
-282
-283
-285
-286
-288
-289
-290
-292
-293
-295
-296
-297
-298
-300
-301
-302
-303
-304
-305
-306
-307
-308
-309
-310
-311
-311
-312
-313
-313
-314
-314
-315
-315
-316
-316
-316
-316
-316
-316
-316
-316
-316
-316
-316
-315
-315
-314
-314
-313
-312
-312
-311
-310
-309
-307
-306
-305
-303
-302
-300
-298
-297
-295
-293
-290
-288
-286
-283
-281
-278
-275
-272
-269
-266
-262
-259
-255
-251
-247
-243
-239
-235
-231
-226
-221
-216
-212
-206
-201
-196
-190
-184
-178
-172
-166
-160
-153
-147
-140
-133
-126
-119
-111
-104
-96
-88
-80
-72
-63
-55
-46
-37
-28
-19
-10
0
10
20
30
40
50
60
71
82
93
104
115
127
138
150
162
174
186
198
210
223
236
249
262
275
288
301
315
328
342
356
370
384
398
413
427
442
457
471
486
501
516
532
547
562
578
593
609
625
640
656
672
688
704
721
737
753
770
786
803
819
836
852
869
886
903
920
936
953
970
987
1004
1021
1039
1056
1073
1090
1107
1124
1142
1159
1176
1194
1211
1228
1246
1263
1280
1298
1315
1333
1350
1367
1385
1402
1420
1437
1454
1472
1489
1507
1524
1542
1559
1576
1594
1611
1628
1646
1663
1680
1698
1715
1732
1750
1767
1784
1802
1819
1836
1853
1871
1888
1905
1922
1939
1956
1973
1991
2008
2025
2042
2059
2076
2093
2110
2127
2144
2161
2178
2195
2212
2229
2246
2262
2279
2296
2313
2330
2347
2363
2380
2397
2414
2431
2447
2464
2481
2497
2514
2531
2547
2564
2581
2597
2614
2630
2647
2664
2680
2697
2713
2730
2746
2763
2779
2796
2812
2829
2845
2862
2878
2894
2911
2927
2944
2960
2976
2993
3009
3026
3042
3058