-1021
-1021
-1021
-1021
-1021
-1021
-1021
-1021
-1021
-1021
-1021
-1021
-1021
-1021
-1021
-1021
-1021
-1021
-1021
-1021
-1021
-1020
-1020
-1020
-1020
-1020
-1020
-1020
-1020
-1020
-1020
-1020
-1020
-1020
-1020
-1020
-1020
-1019
-1019
-1019
-1019
-1019
-1019
-1019
-1019
-1019
-1019
-1019
-1019
-1019
-1018
-1018
-1018
-1018
-1018
-1018
-1018
-1018
-1018
-1018
-1018
-1017
-1017
-1017
-1017
-1017
-1017
-1017
-1017
-1017
-1016
-1016
-1016
-1016
-1016
-1016
-1016
-1016
-1015
-1015
-1015
-1015
-1015
-1015
-1015
-1014
-1014
-1014
-1014
-1014
-1014
-1013
-1013
-1013
-1013
-1013
-1013
-1012
-1012
-1012
-1012
-1012
-1012
-1011
-1011
-1011
-1011
-1010
-1010
-1010
-1010
-1010
-1009
-1009
-1009
-1009
-1008
-1008
-1008
-1008
-1007
-1007
-1007
-1007
-1006
-1006
-1006
-1006
-1005
-1005
-1005
-1004
-1004
-1004
-1003
-1003
-1003
-1002
-1002
-1002
-1001
-1001
-1001
-1000
-1000
-1000
-999
-999
-998
-998
-998
-997
-997
-996
-996
-995
-995
-994
-994
-994
-993
-993
-992
-992
-991
-991
-990
-990
-989
-988
-988
-987
-987
-986
-986
-985
-984
-984
-983
-982
-982
-981
-980
-980
-979
-978
-978
-977
-976
-975
-975
-974
-973
-972
-971
-971
-970
-969
-968
-967
-966
-965
-964
-963
-963
-962
-961
-960
-959
-958
-956
-955
-954
-953
-952
-951
-950
-949
-947
-946
-945
-944
-943
-941
-940
-939
-937
-936
-935
-933
-932
-930
-929
-927
-926
-924
-923
-921
-919
-918
-916
-914
-913
-911
-909
-907
-905
-904
-902
-900
-898
-896
-894
-892
-890
-888
-885
-883
-881
-879
-876
-874
-872
-869
-867
-864
-862
-859
-857
-854
-852
-849
-846
-843
-840
-838
-835
-832
-829
-825
-822
-819
-816
-813
-809
-806
-803
-799
-796
-792
-788
-785
-781
-777
-773
-769
-765
-761
-757
-753
-748
-744
-740
-735
-731
-726
-721
-717
-712
-707
-702
-697
-692
-686
-681
-676
-670
-665
-659
-653
-647
-641
-635
-629
-623
-617
-610
-604
-597
-590
-584
-577
-570
-562
-555
-548
-540
-533
-525
-517
-509
-501
-493
-484
-476
-467
-458
-450
-441
-431
-422
-413
-403
-393
-383
-373
-363
-352
-342
-331
-320
-309
-298
-286
-275
-263
-251
-239
-227
-214
-201
-188
-175
-162
-148
-134
-120
-106
-92
-77
-62
-47
-32
-16
0