11
12
12
12
12
12
12
13
13
13
13
14
14
14
14
14
15
15
15
15
16
16
16
16
17
17
17
17
18
18
18
18
19
19
19
20
20
20
21
21
21
22
22
22
23
23
23
24
24
24
25
25
26
26
26
27
27
28
28
29
29
30
30
30
31
31
32
32
33
33
34
34
35
36
36
37
37
38
38
39
40
40
41
42
42
43
44
44
45
46
46
47
48
49
49
50
51
52
53
53
54
55
56
57
58
59
60
61
61
62
63
64
65
66
68
69
70
71
72
73
74
75
77
78
79
80
81
83
84
85
87
88
89
91
92
94
95
97
98
100
101
103
105
106
108
110
111
113
115
117
119
120
122
124
126
128
130
132
134
136
139
141
143
145
148
150
152
155
157
160
162
165
167
170
172
175
178
181
184
186
189
192
195
199
202
205
208
211
215
218
221
225
228
232
236
239
243
247
251
255
259
263
267
271
276
280
284
289
293
298
303
307
312
317
322
327
332
338
343
348
354
359
365
371
377
383
389
395
401
407
414
420
427
434
440
447
454
462
469
476
484
491
499
507
515
523
531
540
548
557
566
574
583
593
602
611
621
631
641
651
661
672
682
693
704
715
726
738
749
761
773
785
797
810
823
836
849
862
876
890
904
918
932
947
962
977
992
1008
1024
1040
1057
1073
1090
1107
1125
1142
1160
1179
1197
1216
1235
1255
1274
1294
1315
1336
1357
1378
1400
1422
1444
1467
1490
1513
1537
1561
1586
1611
1636
1662
1688
1715
1742
1769
1797
1825
1854
1883
1913
1943
1974
2005
2036
2069
2101
2134
2168
2202
2237
2272
2308
2344
2381
2418
2456
2495
2534
2574
2615
2656
2698
2740
2784
2827
2872
2917
2963
3010
3057
3105
3154
3204
3254
3306
3358
3410
3464
3519
3574
3630
3688
3746
3805
3865
3925
3987
4050
4114
4179
4244
4311
4379
4448
4518
4589
4662
4735
4809
4885
4962
5040
5120
5200
5282
5365
5450
5536
5623
5711
5801
5893
5986
6080
6176
6273
6372
6472
6574
6677
6782
6889
6998
7108
7220
7334
7449
7566
7686
7807
7930
8054
8181
8310
8441
8574
8709
8846
8985
9127
9271
9417
9565
9715
9868
10024
10182
10342
10505
10670
10838
11009
11182
11359
11537
11719
11904
12091
12281
12475
12671
12871
13074
13279
13489
13701
13917
14136
14358
14585
14814
15048
15285
15525
15770
16018
16270
16527
16787
17051
17320
17592
17869
18151
18437
18727
19022
19321
19626
19935
20249
20568
20891
21220
21555
21894
22239
22589
22945
23306
23673
24046
24425
24809
25200
25597
26000
26409
26825
27248
27677
28113
28555
29005
29462
29926