377
383
389
395
401
407
414
420
427
434
440
447
454
462
469
476
484
491
499
507
515
523
531
540
548
557
566
574
583
593
602
611
621
631
641
651
661
672
682
693
704
715
726
738
749
761
773
785
797
810
823
836
849
862
876
890
904
918
932
947
962
977
992
1008
1024
1040
1057
1073
1090
1107
1125
1142
1160
1179
1197
1216
1235
1255
1274
1294
1315
1336
1357
1378
1400
1422
1444
1467
1490
1513
1537
1561
1586
1611
1636
1662
1688
1715
1742
1769
1797
1825
1854
1883
1913
1943
1974
2005
2036
2069
2101
2134
2168
2202
2237
2272
2308
2344
2381
2418
2456
2495
2534
2574
2615
2656
2698
2740
2784