-15
-16
-16
-16
-16
-16
-17
-17
-17
-17
-18
-18
-18
-18
-18
-19
-19
-19
-19
-20
-20
-20
-20
-21
-21
-21
-21
-22
-22
-22
-23
-23
-23
-23
-24
-24
-24
-25
-25
-25
-26
-26
-26
-27
-27
-27
-28
-28
-28
-29
-29
-29
-30
-30
-31
-31
-31
-32
-32
-33
-33
-33
-34
-34
-35
-35
-36
-36
-36
-37
-37
-38
-38
-39
-39
-40
-40
-41
-41
-42
-42
-43
-43
-44
-44
-45
-45
-46
-47
-47
-48
-48
-49
-49
-50
-51
-51
-52
-52
-53
-54
-54
-55
-56
-56
-57
-58
-58
-59
-60
-60
-61
-62
-63
-63
-64
-65
-66
-66
-67
-68
-69
-70
-70
-71
-72
-73
-74
-74
-75
-76
-77
-78
-79
-80
-81
-82
-82
-83
-84
-85
-86
-87
-88
-89
-90
-91
-92
-93
-94
-95
-96
-97
-98
-99
-101
-102
-103
-104
-105
-106
-107
-108
-110
-111
-112
-113
-114
-115
-117
-118
-119
-120
-122
-123
-124
-125
-127
-128
-129
-131
-132
-133
-135
-136
-137
-139
-140
-141
-143
-144
-146
-147
-148
-150
-151
-153
-154
-156
-157
-159
-160
-162
-163
-165
-166
-168
-169
-171
-172
-174
-175
-177
-178
-180
-181
-183
-185
-186
-188
-189
-191
-193
-194
-196
-197
-199
-200
-202
-204
-205
-207
-208
-210
-212
-213
-215
-216
-218
-220
-221
-223
-224
-226
-227
-229
-231
-232
-234
-235
-237
-238
-240
-241
-243
-244
-245
-247
-248
-250
-251
-253
-254
-255
-257
-258
-259
-260
-262
-263
-264
-265
-266
-268
-269
-270
-271
-272
-273
-274
-275
-276
-276
-277
-278
-279
-279
-280
-281
-281
-282
-282
-283
-283
-284
-284
-284
-285
-285
-285
-285
-285
-285
-285
-285
-285
-285
-284
-284
-284
-283
-283
-282
-282
-281
-280
-279
-279
-278
-277
-275
-274
-273
-272
-270
-269
-267
-265
-264
-262
-260
-258
-256
-254
-251
-249
-246
-244
-241
-238
-236
-233
-230
-226
-223
-220
-216
-213
-209
-205
-201
-197
-193
-189
-185
-180
-176
-171
-166
-161
-156
-151
-146
-141
-135
-130
-124
-118
-112
-106
-100
-93
-87
-80
-74
-67
-60
-53
-46
-38
-31
-23
-16
-8
0
8
16
25
33
42
50
59
68
77
86
96
105
115
124
134
144
154
164
174
185
195
206
217
228
239
250
261
272
284
295
307
319
331
343
355
367
379
392
404
417
430
442
455
468
482
495
508
522
535
549
562
576
590
604
618
632
647
661
675
690
704
719
734
749
763
778
793
809
824
839
854
870
885
901
916
932
948
963
979
995
1011
1027
1043
1059
1075
1091
1108
1124
1140
1157
1173
1189
1206
1223
1239
1256
1272
1289
1306
1323
1340
1356
1373
1390
1407
1424
1441
1458
1475
1492
1510
1527
1544
1561
1578
1596
1613
1630
1647
1665
1682
1699
1717
1734
1752
1769
1786
1804
1821
1839
1856
1874
1891
1909
1926
1944
1961
1979
1996
2014
2032
2049
2067
2084
2102
2119
2137
2155
2172
2190
2207
2225
2243
2260
2278
2295
2313
2331
2348
2366
2383
2401
2419
2436
2454
2471
2489
2506
2524
2542
2559
2577
2594
2612
2629
2647
2664
2682
2699
2717
2734
2752
2769
2787
2804
2822
2839
2857
2874
2891
2909
2926
2944
2961
2978
2996
3013
3031
3048
3065
3083
3100
3117
3135
3152
3169
3187
3204
3221
3238
3256
3273
3290
3307
3324
3342
3359
3376
3393
3410
3428
3445
3462
3479
3496
3513
3530
3547
3564
3582
3599
3616
3633
3650
3667
3684
3701
3718
3735
3752
3769
3786
3803
3820
3837
3853
3870
3887
3904
3921
3938
3955
3972
3989
4005
4022
4039
4056
4073
4090
4106
4123
4140
4157
4174
4190
4207
4224
4241
4257
4274
4291
4308
4324
4341
4358
4374
4391
4408
4424
4441
4458
4474
4491
4508
4524
4541
4557
4574
4591
4607
4624
4640
4657
4673
4690
4707
4723
4740
4756
4773
4789
4806
4822
4839
4855
4872
4888
4905
4921
4938
4954
4971
4987
5004
5020
5036
5053
5069
5086
5102
5119
5135
5151
5168
5184
5201
5217
5233
5250
5266
5282
5299
5315
5332
5348
5364
5381
5397
5413
5430
5446
5462
5479
5495
5511
5528
5544
5560
5576
5593
5609
5625
5642
5658
5674
5690
5707
5723
5739
5756
5772
5788
5804
5821
5837
5853
5869
5886
5902
5918
5934
5950
5967
5983
5999
6015
6032
6048
6064
6080
6096
6113
6129