0
128
181
222
256
286
314
339
362
384
405
425
443
462
479
496
512
528
543
558
572
587
600
614
627
640
653
665
677
689
701
713
724
735
746
757
768
779
789
799
810
820
830
839
849
859
868
878
887
896
905
914
923
932
941
949
958
966
975
983
991
1000
1008
1016
1024
1032
1040
1048
1056
1063
1071
1079
1086
1094
1101
1109
1116
1123
1130
1138
1145
1152
1159
1166
1173
1180
1187
1194
1201
1208
1214
1221
1228
1234
1241
1248
1254
1261
1267
1274
1280
1286
1293
1299
1305
1312
1318
1324
1330
1336
1342
1349
1355
1361
1367
1373
1379
1385
1390
1396
1402
1408
1414
1420
1425
1431
1437
1442
1448
1454
1459
1465
1471
1476
1482
1487
1493
1498
1504
1509
1515
1520
1525
1531
1536
1541
1547
1552
1557
1562
1568
1573
1578
1583
1588
1594
1599
1604
1609
1614
1619
1624
1629
1634
1639
1644
1649
1654
1659
1664
1669
1674
1679
1684
1688
1693
1698
1703
1708
1713
1717
1722
1727
1732
1736
1741
1746
1750
1755
1760
1764
1769
1774
1778
1783
1787
1792
1797
1801
1806
1810
1815
1819
1824
1828
1833
1837
1842
1846
1850
1855
1859
1864
1868
1872
1877
1881
1886
1890
1894
1899
1903
1907
1911
1916
1920
1924
1929
1933
1937
1941
1945
1950
1954
1958
1962
1966
1971
1975
1979
1983
1987
1991
1995
1999
2004
2008
2012
2016
2020
2024
2028
2032
2036
2040
2044
2048
2052
2056
2060
2064
2068
2072
2076
2080
2084
2088
2092
2095
2099
2103
2107
2111
2115
2119
2123
2126
2130
2134
2138
2142
2146
2149
2153
2157
2161
2165
2168
2172
2176
2180
2184
2187
2191
2195
2198
2202
2206
2210
2213
2217
2221
2224
2228
2232
2235
2239
2243
2246
2250
2254
2257
2261
2265
2268
2272
2275
2279
2283
2286
2290
2293
2297
2300
2304
2308
2311
2315
2318
2322
2325
2329
2332
2336
2339
2343
2346
2350
2353
2357
2360
2364
2367
2371
2374
2377
2381
2384
2388
2391
2395
2398
2401
2405
2408
2412
2415
2418
2422
2425
2429
2432
2435
2439
2442
2445
2449
2452
2455
2459
2462
2465
2469
2472
2475
2479
2482
2485
2489
2492
2495
2498
2502
2505
2508
2512
2515
2518
2521
2525
2528
2531
2534
2538
2541
2544
2547
2550
2554
2557
2560
2563
2566
2570
2573
2576
2579
2582
2585
2589
2592
2595
2598
2601
2604
2608
2611
2614
2617
2620
2623
2626
2629
2633
2636
2639
2642
2645
2648
2651
2654
2657
2660
2664
2667
2670
2673
2676
2679
2682
2685
2688
2691
2694
2697
2700
2703
2706
2709
2712
2715
2718
2721
2724
2727
2730
2733
2736
2739
2742
2745
2748
2751
2754
2757
2760
2763
2766
2769
2772
2775
2778
2781
2784
2787
2790
2793
2796
2798
2801
2804
2807
2810
2813
2816
2819
2822
2825
2828
2831
2833
2836
2839
2842
2845
2848
2851
2854
2856
2859
2862
2865
2868
2871
2874
2876
2879
2882
2885
2888
2891
2893
2896
2899
2902
2905
2908
2910
2913
2916
2919
2922
2924
2927
2930
2933
2936
2938
2941
2944
2947
2950
2952
2955
2958
2961
2963
2966
2969
2972
2974
2977
2980
2983
2985
2988
2991
2994
2996
2999
3002
3005
3007
3010
3013
3015
3018
3021
3024
3026
3029
3032
3034
3037
3040
3043
3045
3048
3051
3053
3056
3059
3061
3064
3067
3069
3072
3075
3077
3080
3083
3085
3088
3091
3093
3096
3099
3101
3104
3106
3109
3112
3114
3117
3120
3122
3125
3127
3130
3133
3135
3138
3141
3143
3146
3148
3151
3154
3156
3159
3161
3164
3167
3169
3172
3174
3177
3179
3182
3185
3187
3190
3192
3195
3197
3200
3203
3205
3208
3210
3213
3215
3218
3220
3223
3225
3228
3231
3233
3236
3238
3241
3243
3246
3248
3251
3253
3256
3258
3261
3263
3266
3268
3271
3273
3276
3278
3281
3283
3286
3288
3291
3293
3296
3298
3301
3303
3306
3308
3311
3313
3316
3318
3321
3323
3326
3328
3330
3333
3335
3338
3340
3343
3345
3348
3350
3353
3355
3357
3360
3362
3365
3367
3370
3372
3374
3377
3379
3382
3384
3387
3389
3391
3394
3396
3399
3401
3403
3406
3408
3411
3413
3415
3418
3420
3423
3425
3427
3430
3432
3435
3437
3439
3442
3444
3447
3449
3451
3454
3456
3458
3461
3463
3465
3468
3470
3473
3475
3477
3480
3482
3484
3487
3489
3491
3494
3496
3498
3501
3503
3505
3508
3510
3512
3515
3517
3519
3522
3524
3526
3529
3531
3533
3536
3538
3540
3543
3545
3547
3550
3552
3554
3556
3559
3561
3563
3566
3568
3570
3573
3575
3577
3579
3582
3584
3586
3589
3591
3593
3595
3598
3600
3602
3605
3607
3609
3611
3614
3616
3618
3620
3623
3625
3627
3629
3632
3634
3636
3638
3641
3643
3645
3647
3650
3652
3654
3656
3659
3661
3663
3665
3668
3670
3672
3674
3677
3679
3681
3683
3685
3688
3690
3692
3694
3697
3699
3701
3703
3705
3708
3710
3712
3714
3716
3719
3721
3723
3725
3727
3730
3732
3734
3736
3738
3741
3743
3745
3747
3749
3752
3754
3756
3758
3760
3762
3765
3767
3769
3771
3773
3775
3778
3780
3782
3784
3786
3788
3791
3793
3795
3797
3799
3801
3804
3806
3808
3810
3812
3814
3816
3819
3821
3823
3825
3827
3829
3831
3834
3836
3838
3840
3842
3844
3846
3849
3851
3853
3855
3857
3859
3861
3863
3866
3868
3870
3872
3874
3876
3878
3880
3882
3885
3887
3889
3891
3893
3895
3897
3899
3901
3903
3906
3908
3910
3912
3914
3916
3918
3920
3922
3924
3926
3929
3931
3933
3935
3937
3939
3941
3943
3945
3947
3949
3951
3954
3956
3958
3960
3962
3964
3966
3968
3970
3972
3974
3976
3978
3980
3982
3984
3987
3989
3991
3993
3995
3997
3999
4001
4003
4005
4007
4009
4011
4013
4015
4017
4019
4021
4023
4025
4027
4029
4031
4034
4036
4038
4040
4042
4044
4046
4048
4050
4052
4054
4056
4058
4060
4062
4064
4066
4068
4070
4072
4074
4076
4078
4080