7
7
7
7
7
7
8
8
8
8
8
8
8
8
9
9
9
9
9
9
9
10
10
10
10
10
10
10
11
11
11
11
11
11
12
12
12
12
12
13
13
13
13
13
14
14
14
14
15
15
15
15
15
16
16
16
16
17
17
17
17
18
18
18
19
19
19
19
20
20
20
21
21
21
22
22
22
23
23
23
24
24
25
25
25
26
26
27
27
27
28
28
29
29
30
30
30
31
31
32
32
33
33
34
34
35
36
36
37
37
38
38
39
40
40
41
41
42
43
43
44
45
45
46
47
48
48
49
50
51
51
52
53
54
55
55
56
57
58
59
60
61
62
63
63
64
65
66
67
68
69
71
72
73
74
75
76
77
78
80
81
82
83
85
86
87
88
90
91
92
94
95
97
98
100
101
103
104
106
107
109
111
112
114
116
117
119
121
123
124
126
128
130
132
134
136
138
140
142
144
146
148
150
153
155
157
159
162
164
166
169
171
174
176
179
181
184
187
189
192
195
198
200
203
206
209
212
215
218
221
224
228
231
234
237
241
244
247
251
254
258
262
265
269
273
276
280
284
288
292
296
300
304
308
312
317
321
325
329
334
338
343
347
352
357
362
366
371
376
381
386
391
396
401
407
412
417
423
428
433
439
445
450
456
462
468
473
479
485
492
498
504
510
516
523
529
536
542
549
556
562
569
576
583
590
597
604
611
618
626
633
640
648
655
663
671
678
686
694
702
710
718
726
734
742
751
759
767
776
784
793
802
810
819
828
837
846
855
864
873
882
892
901
910
920
929
939
948
958
968
978
988
997
1007
1017
1028
1038
1048
1058
1069
1079
1089
1100
1111
1121
1132
1143
1153
1164
1175
1186
1197
1208
1219
1230
1242
1253
1264
1275
1287
1298
1310
1321
1333
1345
1357
1368
1380
1392
1404
1416
1428
1440
1452
1464
1476
1489
1501
1513
1526
1538
1550
1563
1575
1588
1601
1613
1626
1639
1652
1664
1677
1690
1703
1716
1729
1742
1755
1768
1782
1795
1808
1821
1835
1848
1861
1875
1888
1902
1915
1929
1942
1956
1970
1983
1997
2011
2025
2038
2052
2066
2080
2094
2108
2122
2136
2150
2164
2178
2192
2206
2220
2235
2249
2263
2277
2292
2306
2320
2335
2349
2363
2378
2392
2407
2421
2436
2450
2465
2479
2494
2508
2523
2538
2552
2567
2582
2597
2611
2626
2641
2656
2670
2685
2700
2715
2730
2745
2760
2775
2789
2804
2819
2834
2849
2864
2879
2895
2910
2925
2940
2955
2970
2985
3000
3015
3031
3046
3061
3076
3091
3107
3122
3137
3152
3168
3183
3198
3213
3229
3244
3259
3275
3290
3305
3321
3336
3352
3367
3382
3398
3413
3429
3444
3460
3475
3490
3506
3521
3537
3552
3568
3583
3599
3614
3630
3646
3661
3677
3692
3708
3723
3739
3755
3770
3786
3801
3817
3833
3848
3864
3879
3895
3911
3926
3942
3958
3973
3989
4005
4020
4036
4052
4067
4083
4099
4115