0
16
31
46
60
74
88
101
114
126
138
150
162
173
184
194
205
215
225
234
244
253
262
271
279
288
296
304
312
319
327
334
341
348
355
362
369
375
381
388
394
400
406
412
417
423
428
434
439
444
449
454
459
464
469
473
478
482
487
491
495
500
504
508
512
516
520
524
528
531
535
539
542
546
549
553
556
559
562
566
569
572
575
578
581
584
587
590
593
596
598
601
604
607
609
612
614
617
619
622
624
627
629
632
634
636
638
641
643
645
647
650
652
654
656
658
660
662
664
666
668
670
672
674
675
677
679
681
683
684
686
688
690
691
693
695
696
698
700
701
703
704
706
707
709
710
712
713
715
716
718
719
721
722
723
725
726
727
729
730
731
733
734
735
737
738
739
740
742
743
744
745
746
747
749
750
751
752
753
754
755
757
758
759
760
761
762
763
764
765
766
767
768
769
770
771
772
773
774
775
776
777
778
779
779
780
781
782
783
784
785
786
787
787
788
789
790
791
792
792
793
794
795
796
796
797
798
799
800
800
801
802
803
803
804
805
806
806
807
808
808
809
810
811
811
812
813
813
814
815
815
816
817
817
818
819
819
820
820
821
822
822
823
824
824
825
825
826
827
827
828
828
829
830
830
831
831
832
832
833
833
834
835
835
836
836
837
837
838
838
839
839
840
840
841
841
842
842
843
843
844
844
845
845
846
846
847
847
848
848
849
849
850
850
851
851
852
852
852
853
853
854
854
855
855
856
856
856
857
857
858
858
859
859
859
860
860
861
861
861
862
862
863
863
863
864
864
865
865
865
866
866
866
867
867
868
868
868
869
869
869
870
870
871
871
871
872
872
872
873
873
873
874
874
874
875
875
875
876
876
876
877
877
877
878
878
878
879
879
879
880
880
880
881
881
881
882
882
882
882
883
883
883
884
884
884
885
885
885
885
886
886
886
887
887
887
887
888
888
888
889
889
889
889
890
890
890
891
891
891
891
892
892
892
892
893
893
893
893
894
894
894
894
895
895
895
895
896
896
896
896
897
897
897
897
898
898
898
898
899
899
899
899
900
900
900
900
901
901
901
901
902
902
902
902
902
903
903
903
903
904
904
904
904
904
905
905
905
905
905
906
906
906
906
907
907
907
907
907
908
908
908
908
908
909
909
909
909
909
910
910
910
910