512
516
520
524
528
532
536
540
544
548
552
556
560
564
568
572
576
580
584
587
591
595
599
603
607
611
615
618
622
626
630
634
637
641
645
649
652
656
660
663
667
671
674
678
681
685
688
692
695
699
702
706
709
713
716
719
723
726
729
733
736
739
742
745
749
752
755
758
761
764
767
770
773
776
779
782
785
788
790
793
796
799
801
804
807
810
812
815
817
820
822
825
827
830
832
835
837
840
842
844
847
849
851
853
856
858
860
862
864
866
868
870
872
874
876
878
880
882
884
886
888
890
891
893
895
897
899
900
902
904
905
907
908
910
912
913
915
916
918
919
921
922
924
925
926
928
929
930
932
933
934
936
937
938
939
941
942
943
944
945
946
947
949
950
951
952
953
954
955
956
957
958
959
960
961
962
962
963
964
965
966
967
968
969
969
970
971
972
972
973
974
975
975
976
977
978
978
979
980
980
981
982
982
983
983
984
985
985
986
986
987
987
988
989
989
990
990
991
991
992
992
993
993
994
994
994
995
995
996
996
997
997
997
998
998
999
999
999
1000
1000
1000
1001
1001
1002
1002
1002
1003
1003
1003
1003
1004
1004
1004
1005
1005
1005
1006
1006
1006
1006
1007
1007
1007
1007
1008
1008
1008
1008
1009
1009
1009
1009
1010
1010
1010
1010
1010
1011
1011
1011
1011
1011
1012
1012
1012
1012
1012
1013
1013
1013
1013
1013
1013
1014
1014
1014
1014
1014
1014
1015
1015
1015
1015
1015
1015
1015
1015
1016
1016
1016
1016
1016
1016
1016
1016
1017
1017
1017
1017
1017
1017
1017
1017
1017
1018
1018
1018
1018
1018
1018
1018
1018
1018
1018
1018
1019
1019
1019
1019
1019
1019
1019
1019
1019
1019
1019
1019
1019
1020
1020
1020
1020
1020
1020
1020
1020
1020
1020
1020
1020
1020
1020
1020
1020
1021
1021
1021
1021
1021
1021
1021
1021
1021
1021
1021
1021
1021
1021
1021
1021
1021
1021
1021
1021
1021