0
18
36
54
72
90
108
126
144
161
179
197
214
232
249
266
283
300
317
333
350
366
382
398
414
429
445
460
475
490
504
519
533
547
561
574
587
600
613
626
638
650
662
674
685
696
707
718
728
738
748
758
767
777
786
794
803
811
819
827
835
842
849
856
863
869
876
882
888
894
899
905
910
915
920
924
929
933
937
941
945
949
952
956
959
962
965
968
971
974
976
979
981
983
985
987
989
991
993
995
996
998
999
1001
1002
1003
1004
1006
1007
1008
1009
1009
1010
1011
1012
1013
1013
1014
1015
1015
1016
1016
1017
1017
1018
1018
1019
1019
1019
1020
1020
1020
1020
1021
1021
1021
1021
1021
1022
1022
1022
1022
1022
1022
1023
1023
1023
1023
1023
1023
1023
1023
1023
1023
1023
1023
1023
1023
1024
1024
1024
1024
1024
1024
1024
1024
1024
1024
1024
1024
1024
1024
1024
1024
1024
1024
1024
1024
1024
1024
1024
1024
1024
1024
1024
1024
1024
1024
1024
1024
1024
1024
1024